20 21 33
21 18 73
11 21 75
11 13 100
11 12 61
18 11 110
12 16 56
12 13 88
12 17 85
13 15 70
15 25 47
15 26 39
16 26 58
16 27 53
16 17 107
17 18 45
17 28 65
17 36 73
17 35 93
18 36 49
24 25 52
24 30 120
24 29 117
25 15 47
25 26 46
26 27 78
27 28 50
27 29 43
28 34 44
28 33 40
28 29 58
29 33 29
29 30 55
30 31 56
31 34 60
31 39 79
33 34 38
34 35 46
34 39 52
35 39 31
35 36 75
36 37 27
37 38 44
38 39 63
38 41 93
39 40 62
40 41 59
40 55 55
40 53 115
40 54 89
41 42 94
42 53 72
42 43 87
42 52 61
43 48 80
43 78 33
43 52 62
45 82 101
45 47 72
45 46 84
46 47 52
46 49 67
46 48 75
47 48 60
47 82 75
48 78 73
48 51 76
48 52 83
48 49 69
48 50 85
49 59 138
49 50 72
50 51 39
50 59 85
50 53 83
51 52 49
52 53 68
53 54 67
54 55 61
54 58 56
54 59 92
55 56 53
55 58 73
56 57 36
57 58 50
58 59 78
57 60 60
30 57 108
24 60 187
59 60 115
59 49 140
78 82 50
100897
